ID
BF
PO	A	C	G	T
1	0.21165008291874	0.307939469320066	0.292184908789386	0.188225538971808
2	0.21455223880597	0.303378938640133	0.294672470978441	0.187396351575456
3	0.211028192371476	0.299336650082919	0.299440298507463	0.190194859038143
4	0.220149253731343	0.294465174129353	0.298092868988391	0.187292703150912
5	0.21900912106136	0.311774461028192	0.283582089552239	0.185634328358209
6	0.221496683250415	0.301616915422886	0.291044776119403	0.185841625207297
7	0.214863184079602	0.301616915422886	0.29726368159204	0.186256218905473
8	0.203150912106136	0.304519071310116	0.289490049751244	0.202839966832504
9	0.208022388059701	0.298922056384743	0.292184908789386	0.200870646766169
10	0.209162520729685	0.303689883913765	0.299543946932007	0.187603648424544
11	0.215277777777778	0.311567164179104	0.286484245439469	0.186670812603648
12	0.205223880597015	0.30068407960199	0.302446102819237	0.191645936981758
13	0.20325456053068	0.30856135986733	0.297885572139304	0.190298507462687
14	0.209888059701493	0.317475124378109	0.295501658374793	0.177135157545605
15	0.207504145936982	0.309286898839138	0.285136815920398	0.198072139303483
16	0.206364013266998	0.3125	0.29726368159204	0.183872305140962
17	0.209888059701493	0.303793532338308	0.285758706467662	0.200559701492537
18	0.214137645107794	0.30016583747927	0.295398009950249	0.190298507462687
19	0.216832504145937	0.298403814262023	0.291044776119403	0.193718905472637
20	0.210820895522388	0.305555555555556	0.289800995024876	0.193822553897181
21	0.218905472636816	0.309390547263682	0.275912106135987	0.195791873963516
22	0.217039800995025	0.297678275290216	0.293117744610282	0.192164179104478
23	0.215692371475954	0.29674543946932	0.294050580431177	0.193511608623549
24	0.218387230514096	0.30172056384743	0.289800995024876	0.190091210613599
25	0.216106965174129	0.299129353233831	0.302031509121061	0.182732172470978
26	0.212582918739635	0.293014096185738	0.305244610281924	0.189158374792703
27	0.210302653399668	0.299233001658375	0.305659203980099	0.184805140961857
28	0.229166666666667	0.288764510779436	0.299129353233831	0.182939469320066
29	0.210717247097844	0.30016583747927	0.310116086235489	0.179000829187396
30	0.217143449419569	0.310634328358209	0.28544776119403	0.186774461028192
31	0.220771144278607	0.30120232172471	0.289697346600332	0.188329187396352
32	0.21113184079602	0.291770315091211	0.305659203980099	0.19143864013267
33	0.21455223880597	0.30068407960199	0.299647595356551	0.185116086235489
34	0.212271973466003	0.300476782752902	0.303689883913765	0.18356135986733
35	0.216521558872305	0.30410447761194	0.283685737976783	0.195688225538972
36	0.212582918739635	0.312707296849088	0.287624378109453	0.187085406301824
37	0.203876451077944	0.302653399668325	0.292599502487562	0.200870646766169
38	0.213204809286899	0.306281094527363	0.283685737976783	0.196828358208955
39	0.208747927031509	0.300062189054726	0.299958540630182	0.191231343283582
40	0.214863184079602	0.303897180762852	0.288557213930348	0.192682421227197
41	0.206778606965174	0.30856135986733	0.297160033167496	0.1875
42	0.212997512437811	0.308457711442786	0.29280679933665	0.185737976782753
43	0.205016583747927	0.30514096185738	0.294154228855721	0.195688225538972
44	0.20667495854063	0.30068407960199	0.306384742951907	0.186256218905473
45	0.203150912106136	0.308975953565506	0.294361525704809	0.193511608623549
46	0.207296849087894	0.303482587064677	0.303275290215589	0.185945273631841
47	0.204809286898839	0.307421227197347	0.30514096185738	0.182628524046434
48	0.208333333333333	0.307628524046434	0.311048922056385	0.172989220563847
49	0.206467661691542	0.316542288557214	0.295708955223881	0.181281094527363
50	0.214655887230514	0.299854892205638	0.302342454394693	0.183146766169154
51	0.213204809286899	0.316334991708126	0.29332504145937	0.177135157545605
52	0.212064676616915	0.30856135986733	0.294050580431177	0.185323383084577
53	0.207400497512438	0.311152570480929	0.295812603648425	0.185634328358209
54	0.21455223880597	0.312085406301824	0.294257877280265	0.17910447761194
55	0.209888059701493	0.30462271973466	0.302238805970149	0.183250414593698
56	0.218283582089552	0.306177446102819	0.302342454394693	0.173196517412935
57	0.212686567164179	0.303793532338308	0.297885572139304	0.185634328358209
58	0.204291044776119	0.311774461028192	0.298714759535655	0.185219734660033
59	0.20719320066335	0.309805140961857	0.300062189054726	0.182939469320066
60	0.202114427860697	0.316127694859038	0.300995024875622	0.180762852404643
61	0.208126036484245	0.298714759535655	0.300373134328358	0.192786069651741
62	0.20667495854063	0.305555555555556	0.306592039800995	0.181177446102819
63	0.217039800995025	0.302342454394693	0.298507462686567	0.182110281923715
64	0.211339137645108	0.301927860696517	0.30907960199005	0.177653399668325
65	0.206985903814262	0.302860696517413	0.305762852404643	0.184390547263682
66	0.206778606965174	0.311359867330017	0.293532338308458	0.188329187396352
67	0.201596185737977	0.300995024875622	0.306592039800995	0.190816749585406
68	0.199212271973466	0.302653399668325	0.319444444444444	0.178689883913765
69	0.21455223880597	0.294879767827529	0.301513266998342	0.189054726368159
70	0.211961028192371	0.304726368159204	0.297470978441128	0.185841625207297
71	0.207400497512438	0.292910447761194	0.307421227197347	0.192267827529022
72	0.207815091210614	0.304208126036484	0.293635986733002	0.194340796019901
73	0.207504145936982	0.294672470978441	0.300373134328358	0.197450248756219
74	0.201077943615257	0.299025704809287	0.312707296849088	0.187189054726368
75	0.205534825870647	0.296330845771144	0.307317578772803	0.190816749585406
76	0.203876451077944	0.292910447761194	0.313640132669983	0.189572968490879
77	0.213204809286899	0.298507462686567	0.302342454394693	0.185945273631841
78	0.207607794361526	0.287728026533997	0.323486733001658	0.181177446102819
79	0.202632669983416	0.298403814262023	0.318718905472637	0.180244610281924
80	0.205534825870647	0.297160033167496	0.312810945273632	0.184494195688226
81	0.210302653399668	0.295916252072969	0.316853233830846	0.176927860696517
82	0.197553897180763	0.297989220563847	0.323901326699834	0.180555555555556
83	0.193926202321725	0.301513266998342	0.321828358208955	0.182732172470978
84	0.198486733001658	0.292184908789386	0.321621061359867	0.187707296849088
85	0.198590381426202	0.309701492537313	0.311878109452736	0.179830016583748
86	0.204394693200663	0.316542288557214	0.307213930348259	0.171849087893864
87	0.202839966832504	0.30907960199005	0.309701492537313	0.178378938640133
88	0.192786069651741	0.31301824212272	0.317786069651741	0.176409618573798
89	0.200766998341625	0.317682421227197	0.305451907131012	0.176098673300166
90	0.194340796019901	0.312810945273632	0.31643864013267	0.176409618573798
91	0.201699834162521	0.303067993366501	0.321517412935323	0.173714759535655
92	0.216936152570481	0.302238805970149	0.314262023217247	0.166563018242123
93	0.25445688225539	0.277674129353234	0.307317578772803	0.160551409618574
94	0.23424543946932	0.325974295190713	0.298611111111111	0.141169154228856
95	0.186152570480929	0.428275290215589	0.257566334991708	0.128005804311774
96	0.214655887230514	0.342765339966833	0.362043946932007	0.0805348258706468
97	0.169465174129353	0.350538971807628	0.427653399668325	0.0523424543946932
98	0.26471807628524	0.262126865671642	0.433975953565506	0.0391791044776119
99	0.332504145936982	0.347222222222222	0.282960199004975	0.0373134328358209
100	0.443822553897181	0.119610281923715	0.396455223880597	0.0401119402985075
101	0.266687396351575	0.182939469320066	0.504975124378109	0.0453980099502488
102	0.315505804311774	0.242537313432836	0.304311774461028	0.137645107794362
103	0.333540630182421	0.199523217247098	0.342350746268657	0.124585406301824
104	0.19983416252073	0.150808457711443	0.501036484245439	0.148320895522388
105	0.3125	0.114738805970149	0.353752072968491	0.21900912106136
106	0.384432006633499	0.120646766169154	0.354477611940299	0.140443615257048
107	0.327632669983416	0.166148424543947	0.375310945273632	0.130907960199005
108	0.233830845771144	0.208644278606965	0.378109452736318	0.179415422885572
109	0.117433665008292	0.367330016583748	0.311256218905473	0.203980099502488
110	0.216625207296849	0.27363184079602	0.288038971807628	0.221703980099502
111	0.177653399668325	0.235696517412935	0.440298507462687	0.146351575456053
112	0.198901326699834	0.318304311774461	0.278917910447761	0.203876451077944
113	0.161173300165837	0.276326699834163	0.394900497512438	0.167599502487562
114	0.162209784411277	0.36370232172471	0.297989220563847	0.176098673300166
115	0.200352404643449	0.296434494195688	0.34058872305141	0.162624378109453
116	0.201388888888889	0.28047263681592	0.334162520729685	0.183975953565506
117	0.19537728026534	0.294154228855721	0.330949419568823	0.179519071310116
118	0.202010779436153	0.283685737976783	0.328358208955224	0.185945273631841
119	0.202321724709784	0.288246268656716	0.324108623548922	0.185323383084577
120	0.205949419568823	0.293221393034826	0.315816749585406	0.185012437810945
121	0.197035655058043	0.297160033167496	0.321413764510779	0.184390547263682
122	0.199212271973466	0.290319237147595	0.331364013266998	0.17910447761194
123	0.202632669983416	0.283167495854063	0.331260364842454	0.182939469320066
124	0.189262023217247	0.294257877280265	0.345978441127695	0.170501658374793
125	0.200663349917081	0.292184908789386	0.327010779436153	0.18014096185738
126	0.192164179104478	0.295294361525705	0.326699834162521	0.185841625207297
127	0.1875	0.296849087893864	0.337375621890547	0.178275290215589
128	0.197864842454395	0.289282752902156	0.32483416252073	0.18801824212272
129	0.19879767827529	0.302342454394693	0.319133499170813	0.179726368159204
130	0.204498341625207	0.283582089552239	0.32825456053068	0.183665008291874
131	0.192267827529022	0.292703150912106	0.340485074626866	0.174543946932007
132	0.198175787728027	0.293117744610282	0.321621061359867	0.187085406301824
133	0.196517412935323	0.286173300165837	0.331467661691542	0.185841625207297
134	0.202321724709784	0.281301824212272	0.319237147595357	0.197139303482587
135	0.203461857379768	0.273009950248756	0.330327529021559	0.193200663349917
136	0.19589552238806	0.291563018242123	0.322864842454395	0.189676616915423
137	0.194133499170813	0.296641791044776	0.327114427860696	0.182110281923715
138	0.19589552238806	0.293014096185738	0.315402155887231	0.195688225538972
139	0.201181592039801	0.285551409618574	0.32089552238806	0.192371475953566
140	0.190505804311774	0.290319237147595	0.32773631840796	0.19143864013267
141	0.179830016583748	0.300373134328358	0.321724709784411	0.198072139303483
142	0.187189054726368	0.294465174129353	0.318511608623549	0.19983416252073
143	0.193407960199005	0.282545605306799	0.31985903814262	0.204187396351575
144	0.187189054726368	0.290837479270315	0.323486733001658	0.198486733001658
145	0.183457711442786	0.29726368159204	0.319755389718076	0.199523217247098
146	0.195791873963516	0.291459369817579	0.318097014925373	0.194651741293532
147	0.189572968490879	0.301305970149254	0.310323383084577	0.19879767827529
148	0.187396351575456	0.293221393034826	0.314469320066335	0.204912935323383
149	0.190609452736318	0.289075456053068	0.326181592039801	0.194133499170813
150	0.191231343283582	0.298092868988391	0.320169983416252	0.190505804311774
151	0.192371475953566	0.295501658374793	0.323072139303483	0.189054726368159
152	0.198175787728027	0.286691542288557	0.325559701492537	0.189572968490879
153	0.191334991708126	0.285758706467662	0.328565505804312	0.194340796019901
154	0.18304311774461	0.299025704809287	0.319237147595357	0.198694029850746
155	0.178378938640133	0.308768656716418	0.313432835820896	0.199419568822554
156	0.1875	0.294776119402985	0.321932006633499	0.195791873963516
157	0.195169983416252	0.28099087893864	0.32773631840796	0.196102819237148
158	0.182732172470978	0.286069651741294	0.331053067993366	0.200145107794362
159	0.189054726368159	0.283167495854063	0.320688225538972	0.207089552238806
160	0.180555555555556	0.300580431177446	0.312707296849088	0.20615671641791
161	0.184390547263682	0.300580431177446	0.316542288557214	0.198486733001658
162	0.194651741293532	0.298714759535655	0.309908789386401	0.196724709784411
163	0.17962271973466	0.296849087893864	0.323383084577114	0.200145107794362
164	0.189365671641791	0.291148424543947	0.315609452736318	0.203876451077944
165	0.189262023217247	0.287106135986733	0.320688225538972	0.202943615257048
166	0.188951077943615	0.298403814262023	0.311774461028192	0.200870646766169
167	0.193926202321725	0.286587893864013	0.325041459369818	0.194444444444444
168	0.184908789386401	0.294361525704809	0.322761194029851	0.197968490878939
169	0.190713101160862	0.282649253731343	0.330327529021559	0.196310116086235
170	0.183975953565506	0.292703150912106	0.329498341625207	0.193822553897181
171	0.188847429519071	0.285033167495854	0.32379767827529	0.202321724709784
172	0.186774461028192	0.287417081260365	0.324523217247098	0.201285240464345
173	0.188225538971808	0.286069651741294	0.325766998341625	0.199937810945274
174	0.191749585406302	0.284514925373134	0.330845771144279	0.192889718076285
175	0.186463515754561	0.292392205638474	0.327010779436153	0.194133499170813
176	0.196413764510779	0.282649253731343	0.320688225538972	0.200248756218905
177	0.191749585406302	0.27259535655058	0.337064676616915	0.198590381426202
178	0.184494195688226	0.293428689883914	0.329809286898839	0.192267827529022
179	0.189262023217247	0.288971807628524	0.319133499170813	0.202632669983416
180	0.18698175787728	0.291355721393035	0.324212271973466	0.197450248756219
181	0.193718905472637	0.286691542288557	0.320169983416252	0.199419568822554
182	0.187914593698176	0.291355721393035	0.316542288557214	0.204187396351575
183	0.19537728026534	0.283271144278607	0.327425373134328	0.193926202321725
184	0.197346600331675	0.286691542288557	0.323383084577114	0.192578772802653
185	0.188329187396352	0.290319237147595	0.321206467661692	0.200145107794362
186	0.186048922056385	0.291977611940299	0.322657545605307	0.19931592039801
187	0.182835820895522	0.291666666666667	0.317475124378109	0.208022388059701
188	0.194651741293532	0.293739635157546	0.312189054726368	0.199419568822554
189	0.192682421227197	0.290319237147595	0.317889718076285	0.199108623548922
190	0.184805140961857	0.283685737976783	0.333436981757877	0.198072139303483
191	0.192993366500829	0.292081260364842	0.319962686567164	0.194962686567164
192	0.196310116086235	0.284100331674959	0.323383084577114	0.196206467661692
193	0.189365671641791	0.285655058043118	0.321102819237148	0.203876451077944
194	0.182732172470978	0.27415008291874	0.33271144278607	0.210406301824212
195	0.194548092868988	0.286587893864013	0.31198175787728	0.206882255389718
196	0.204498341625207	0.27705223880597	0.317682421227197	0.200766998341625
197	0.197657545605307	0.278192371475954	0.326907131011609	0.197242951907131
198	0.188121890547264	0.277777777777778	0.331467661691542	0.202632669983416
199	0.189262023217247	0.273320895522388	0.33115671641791	0.206260364842454
200	0.197968490878939	0.280887230514096	0.326077943615257	0.195066334991708
201	0.189469320066335	0.274564676616915	0.333022388059701	0.202943615257048
