ID
BF
PO	A	C	G	T
1	0.23948499803216	0.29285690883442	0.261613624776397	0.206044468357023
2	0.228504906159786	0.302678718588183	0.278665563009393	0.190150812242637
3	0.24098332745894	0.289622321370934	0.26440558355627	0.204988767613855
4	0.243867986170425	0.287552157093003	0.280581222397319	0.187998634339253
5	0.22740734282768	0.305551666859697	0.265314321096722	0.2017266692159
6	0.21857967641993	0.291899389478244	0.292010978859879	0.197509955241947
7	0.224898139137564	0.31317144912264	0.283694065559646	0.17823634618015
8	0.236539856030631	0.293479443196028	0.27122930022839	0.198751400544951
9	0.206557637885289	0.311117714521507	0.271775696378835	0.210548951214368
10	0.212721070693252	0.299323588191779	0.272045704801795	0.215909636313174
11	0.232185778234657	0.304853481376833	0.257198437771987	0.205762302616523
12	0.222259395479937	0.296109984678195	0.280653691181958	0.200976928659909
13	0.224704243592201	0.28743615043839	0.285187518327265	0.202672087642145
14	0.242407220175805	0.284390040849391	0.272923535550456	0.200279203424349
15	0.22621559832862	0.290803966422012	0.287356080535619	0.195624354713749
16	0.241516206574465	0.281273884697719	0.272592681250863	0.204617227476953
17	0.240777122443469	0.279114778406801	0.266367460530065	0.213740638619665
18	0.22244849648525	0.299751315831396	0.289606551507142	0.188193636176212
19	0.229802512853124	0.282625904035814	0.28164687797847	0.205924705132592
20	0.221295144339134	0.311332317084129	0.282952995186439	0.184419543390297
21	0.229310306261215	0.305419878216555	0.256656069420112	0.208613746102119
22	0.20913899897625	0.312330415362959	0.261425294241425	0.217105291419366
23	0.238708468985366	0.296728635251483	0.254945999641923	0.209616896121227
24	0.21787938269638	0.299446470063544	0.282097701557674	0.200576445682402
25	0.229726445674522	0.282351959994476	0.281121170920638	0.206800423410364
26	0.227212860936656	0.290636900184178	0.273583788647771	0.208566450231395
27	0.233034376529263	0.298663840626556	0.268906141185414	0.199395641658768
28	0.241501784675204	0.317478484113077	0.259159462292159	0.18186026891956
29	0.223348736304026	0.31015306106337	0.272542429955021	0.193955772677583
30	0.22959244569555	0.311750500511273	0.269201122989428	0.189455930803749
31	0.223907269207186	0.299919740531752	0.287504236140304	0.188668754120758
32	0.227407765621169	0.308694201730234	0.280850343666885	0.183047688981713
33	0.214548180618607	0.300020089428965	0.282014162179661	0.203417567772767
34	0.232160929638584	0.300117420512806	0.273147183579726	0.194574466268884
35	0.219504898652102	0.28950413972993	0.287689281584015	0.203301680033952
36	0.22405657056559	0.288349004925462	0.289949662482396	0.197644762026551
37	0.208422366299972	0.293862339883499	0.298457636065034	0.199257657751495
38	0.202520810600232	0.321783211182384	0.274379270300889	0.201316707916495
39	0.210722742612752	0.321290431525264	0.265163337303838	0.202823488558146
40	0.229516426063713	0.290921226384652	0.264541523716935	0.2150208238347
41	0.228523034998742	0.288858432569459	0.271814391647862	0.210804140783936
42	0.229059947434398	0.293703134188173	0.271559353814967	0.205677564562462
43	0.217587855845937	0.311445114672282	0.281456907775316	0.189510121706466
44	0.219767769240974	0.305609668703443	0.279359389824609	0.195263172230975
45	0.237275867886542	0.296720854736598	0.271939602477188	0.194063674899673
46	0.216375215711937	0.299855193853349	0.275796588886438	0.207973001548276
47	0.227876470666929	0.284114977099779	0.306680855621591	0.181327696611701
48	0.222366947810583	0.295209930581714	0.289105763962478	0.193317357645225
49	0.221349056127951	0.290949445033452	0.286669358925044	0.201032139913553
50	0.236999896401318	0.286043225306044	0.273656353896338	0.203300524396301
51	0.206877226976681	0.320008508353918	0.277641110446951	0.19547315422245
52	0.231057370299213	0.284766622659471	0.269119681134099	0.215056325907218
53	0.222188400978131	0.309584338085762	0.264889965931738	0.203337295004369
54	0.222449889248571	0.311086346154683	0.273252217443729	0.193211547153017
55	0.219602216311556	0.296103566695995	0.293746153833063	0.190548063159386
56	0.222402112484439	0.301311408262195	0.294541956964847	0.181744522288518
57	0.237734101828051	0.278878905806533	0.273069609515483	0.210317382849933
58	0.214372719616739	0.288307768212794	0.290601694610127	0.206717817560339
59	0.216982170218322	0.308276449991554	0.282722815851076	0.192018563939048
60	0.226153743543726	0.302299231662312	0.269158971324054	0.202388053469908
61	0.226691394017162	0.291607133143253	0.278807183445858	0.202894289393727
62	0.226022256669804	0.298715542188568	0.2757318992557	0.199530301885927
63	0.220073162409981	0.295693088851769	0.286940959175872	0.197292789562378
64	0.202873685031465	0.30635435997435	0.299397851198713	0.191374103795472
65	0.23076415689681	0.293015157009084	0.275853916223212	0.200366769870894
66	0.235136201995995	0.296227171316714	0.281906311793407	0.186730314893885
67	0.231277246350148	0.298811783555767	0.271968907753249	0.197942062340837
68	0.221508893555157	0.2890240103948	0.29193363752738	0.197533458522664
69	0.214034965133542	0.297237935166019	0.285168496931687	0.203558602768752
70	0.216162972191863	0.314384266911973	0.265619406430114	0.20383335446605
71	0.214522739061728	0.296625503338458	0.27854356364435	0.210308193955464
72	0.221024421706272	0.281898535862655	0.292409782485356	0.204667259945717
73	0.231766483094767	0.292626567717652	0.292063892817669	0.183543056369912
74	0.216882653861424	0.284606430529774	0.30915386481407	0.189357050794733
75	0.22090973847946	0.278986014151748	0.301192714376736	0.198911532992056
76	0.229250402796531	0.289360584601565	0.292150651722593	0.189238360879311
77	0.226112707537421	0.290241005212535	0.303329736361986	0.180316550888057
78	0.23568977045397	0.277543721077396	0.305727361690217	0.181039146778418
79	0.217493618793514	0.288624142954062	0.316791441340544	0.177090796911879
80	0.206435596332079	0.296618489696446	0.307761506257103	0.189184407714373
81	0.230591961346026	0.281786651853324	0.309612526694883	0.178008860105767
82	0.20961769146642	0.290794813606697	0.314181470500849	0.185406024426034
83	0.220319898905405	0.282782039955139	0.300268826303657	0.196629234835799
84	0.232874144097936	0.270917951370982	0.301188788620191	0.19501911591089
85	0.218456689526713	0.303765477633247	0.292747992772068	0.185029840067973
86	0.220760756944503	0.296663383506597	0.277706227317611	0.204869632231289
87	0.19239971216903	0.295240630837088	0.285402175934552	0.22695748105933
88	0.217609771633406	0.295397710562773	0.29087735266671	0.196115165137111
89	0.220286097520967	0.282549043042725	0.31064261446626	0.186522244970048
90	0.229052800287379	0.291654981418253	0.290369467880147	0.188922750414221
91	0.252952568736844	0.285232768627407	0.285730953508658	0.176083709127091
92	0.275153485673398	0.269444144741904	0.285463854935541	0.169938514649157
93	0.273776318828595	0.292728252115081	0.284609702593963	0.148885726462362
94	0.239590484520055	0.374557475556466	0.258840330904176	0.127011709019303
95	0.25780486540858	0.339486460384403	0.294085358708946	0.108623315498071
96	0.241148147027471	0.268086654987722	0.412915321461437	0.07784987652337
97	0.298685144423754	0.269882468991687	0.365963026456545	0.065469360128014
98	0.39014496753379	0.243292753995858	0.314217530190926	0.0523447482794257
99	0.386836095637994	0.257244845651786	0.321765281547104	0.0341537771631153
100	0.367051025370717	0.183935230833361	0.380130144703106	0.0688835990928162
101	0.243331614927378	0.259460089678143	0.40715894120404	0.09004935419044
102	0.3789413093056	0.12428823480148	0.404501164575878	0.0922692913170428
103	0.352997444243006	0.0873054469216947	0.4453317476666	0.114365361168699
104	0.337862247921619	0.132088319080893	0.397618926766554	0.132430506230933
105	0.423506139033659	0.129100343320347	0.254452197571989	0.192941320074005
106	0.323130653238302	0.178331166208728	0.321762399032824	0.176775781520146
107	0.23426460592841	0.200966490090145	0.358887316225859	0.205881587755586
108	0.209988233959371	0.247313089767694	0.278052135424149	0.264646540848786
109	0.201008684819375	0.254249496004098	0.337253157213848	0.207488661962679
110	0.228174784206839	0.260710727452413	0.293690003477661	0.217424484863087
111	0.218844674830795	0.234525304214523	0.333847402183456	0.212782618771226
112	0.219352528442211	0.26874130246219	0.294801968948622	0.217104200146977
113	0.218429424748607	0.246439463440241	0.308405577092678	0.226725534718474
114	0.203192676233223	0.295404055985995	0.278222555090208	0.223180712690573
115	0.236429074072231	0.244741409332859	0.324764411924619	0.194065104670292
116	0.224733222326673	0.300508195160914	0.313853764674001	0.160904817838412
117	0.235611365764549	0.271009775291721	0.284736786778375	0.208642072165356
118	0.226660645714347	0.267620788627214	0.292581486241179	0.213137079417261
119	0.218881033337231	0.26551946547416	0.300253401501632	0.215346099686977
120	0.217181841104662	0.285403136000459	0.282444192444788	0.214970830450092
121	0.20147225252654	0.300865354481528	0.289468573385206	0.208193819606726
122	0.205373367753007	0.269697367455337	0.315383430872263	0.209545833919394
123	0.207496491285433	0.279443407298854	0.300023771385588	0.213036330030125
124	0.216848518104479	0.257884588171769	0.311870564092812	0.21339632963094
125	0.213020763063198	0.279285825751261	0.304080000074489	0.203613411111052
126	0.219227984596533	0.284708685561636	0.298045943959685	0.198017385882145
127	0.215111990788598	0.290584927611919	0.28850337316826	0.205799708431223
128	0.200590966944043	0.283272122243098	0.307942272090743	0.208194638722116
129	0.221820066022371	0.289324942529173	0.28086098295041	0.207994008498047
130	0.218824853368677	0.281803003698853	0.297252873342207	0.202119269590264
131	0.218211979746192	0.300187618363189	0.280705458389263	0.200894943501357
132	0.208888861732161	0.287686628752858	0.296258734861006	0.207165774653974
133	0.224011968294333	0.290202936944558	0.281959717821053	0.203825376940056
134	0.218327262264837	0.27896030755339	0.306617398605306	0.196095031576466
135	0.201412987276787	0.285824947895995	0.315100909728563	0.197661155098655
136	0.228268326915383	0.276938796019106	0.289509531753729	0.205283345311782
137	0.219666365973213	0.285459404641278	0.297847084172587	0.197027145212922
138	0.221886158706612	0.268294014845033	0.296849474160815	0.212970352287541
139	0.235729639184505	0.273290174557974	0.298215369542229	0.192764816715291
140	0.231937534454901	0.282569401953435	0.287577883905393	0.197915179686271
141	0.239848572746891	0.271337482657973	0.283308526327904	0.205505418267232
142	0.233474288516593	0.270926845678938	0.305928521919807	0.189670343884662
143	0.219390091984241	0.286549738258828	0.297849117523714	0.196211052233217
144	0.225731152721398	0.282827757286404	0.300332884512181	0.191108205480017
145	0.214555221367774	0.293790075428464	0.300525495581596	0.191129207622166
146	0.222863624973291	0.276283634603694	0.299324173357161	0.201528567065854
147	0.208562206765128	0.282081395751271	0.31387335947465	0.195483038008951
148	0.21713012095317	0.27450768243034	0.315311166939286	0.193051029677204
149	0.229940708686637	0.296318229842145	0.277854881562239	0.195886179908979
150	0.218704556897987	0.273546874021631	0.311798151967503	0.19595041711288
151	0.217972531006711	0.301417547801322	0.295708559469503	0.184901361722465
152	0.215458292162538	0.272559837719862	0.299450509187945	0.212531360929654
153	0.203886678572552	0.271019370334136	0.321445073236837	0.203648877856475
154	0.20469586436349	0.271907175253207	0.300313132384279	0.223083827999025
155	0.20774020756938	0.268409290960803	0.307680682595757	0.21616981887406
156	0.202683630442347	0.275787364898502	0.304135034703768	0.217393969955383
157	0.225172488981635	0.282703124045365	0.298816763491064	0.193307623481935
158	0.200137573611179	0.268386177226062	0.315017208877071	0.216459040285689
159	0.209804304685369	0.259307188921113	0.312746583149421	0.218141923244097
160	0.199596316747278	0.271136139586711	0.33663110592466	0.192636437741351
161	0.200807882895208	0.277115325187041	0.31332420268555	0.208752589232202
162	0.182732036477266	0.289829743586741	0.310568973845893	0.2168692460901
163	0.223334089671286	0.291509042089398	0.272308563816143	0.212848304423173
164	0.203716309778775	0.284211622170201	0.323995701075065	0.188076366975959
165	0.207254587164263	0.271965996026749	0.307713562901757	0.213065853907231
166	0.197053312126549	0.299040417697533	0.294883029751389	0.209023240424529
167	0.210268724971744	0.285090291191801	0.282533656164949	0.222107327671506
168	0.191519171264444	0.28163664862723	0.320515051827837	0.20632912828049
169	0.218743745421449	0.27352926917854	0.295233109721924	0.212493875678087
170	0.193645546092982	0.290359188462738	0.305911480209708	0.210083785234572
171	0.203651243791608	0.283034747041977	0.296366488592652	0.216947520573764
172	0.19318583508016	0.270553393963198	0.320571611141667	0.215689159814975
173	0.222368204735682	0.277185631883602	0.2897086922652	0.210737471115517
174	0.20086086468274	0.288085192729523	0.305920673082784	0.205133269504953
175	0.191746871838336	0.292523676588403	0.300138091351116	0.215591360222145
176	0.187053623748722	0.290529567528137	0.314302400402709	0.208114408320432
177	0.199595386184992	0.289785370529377	0.305749545449859	0.204869697835771
178	0.188683750348185	0.291226682760217	0.294378174644928	0.225711392246671
179	0.213656820448216	0.286135970494144	0.299158910198723	0.201048298858918
180	0.204684147109756	0.287011213857418	0.300243256636921	0.208061382395905
181	0.207019221629349	0.295090584092838	0.282127008143396	0.215763186134416
182	0.190791242993825	0.272424503031974	0.320519966289176	0.216264287685025
183	0.211723355910532	0.277884406607358	0.290820943542768	0.219571293939342
184	0.197056819388773	0.265984734020152	0.299221689994894	0.237736756596181
185	0.209242758549499	0.282941976792938	0.298239840406141	0.209575424251423
186	0.195819215073874	0.277990446082162	0.29494120452165	0.231249134322314
187	0.204334033119337	0.275697071619652	0.304547921363097	0.215420973897914
188	0.193984043454015	0.268471320001618	0.32447395614303	0.213070680401337
189	0.21823267603159	0.271074951272682	0.29648445452105	0.214207918174678
190	0.21470190931027	0.293080800813633	0.277169813835422	0.215047476040674
191	0.207814692439448	0.288000053370817	0.307830291136864	0.196354963052871
192	0.19268465745947	0.285325205065534	0.304286292556665	0.217703844918331
193	0.211387257684209	0.268940396008379	0.305945308476255	0.213727037831157
194	0.212325714443187	0.282629206148961	0.292164334613856	0.212880744793996
195	0.207989638673436	0.274544733839744	0.295331368571534	0.222134258915287
196	0.193630852163592	0.294047365353969	0.282457802081632	0.229863980400807
197	0.198363967656915	0.275685836087537	0.31087950510049	0.215070691155058
198	0.196173973262276	0.288688995657731	0.290202619808396	0.224934411271598
199	0.203079487469336	0.279783081611215	0.290561485309073	0.226575945610377
200	0.210878826896564	0.257539337892978	0.295181699042633	0.236400136167824
201	0.200975051707266	0.286208223262557	0.298982668868902	0.213834056161275
