ID
BF
PO	A	C	G	T
1	0.234044347764186	0.300127674617115	0.265694251920508	0.200133725698191
2	0.225106540222788	0.300890591215164	0.288798967068245	0.185203901493803
3	0.23347131055727	0.296456549299189	0.27411154329525	0.195960596848292
4	0.232766494190668	0.290992251222524	0.286904892093518	0.18933636249329
5	0.219739732307582	0.31084405891845	0.272927896917655	0.196488311856313
6	0.217862377360067	0.298570782469812	0.290093558280858	0.193473281889262
7	0.223210482705825	0.312378751318833	0.28881231161955	0.175598454355792
8	0.223248063980585	0.30394823674705	0.280271891129788	0.192531808142577
9	0.207651413699193	0.316578015652287	0.271673669673636	0.204096900974884
10	0.21176932434632	0.308878118450852	0.273036734012382	0.206315823190446
11	0.231426752737574	0.309685055215576	0.262744311429516	0.196143880617334
12	0.216129220921259	0.300282316424062	0.289876434876334	0.193712027778346
13	0.226799165254497	0.283255015831826	0.288868047862584	0.201077771051093
14	0.236049494103732	0.286993832121685	0.280330273957553	0.19662639981703
15	0.218316509472993	0.291780660432511	0.300792679541617	0.189110150552879
16	0.237807749882359	0.2867550064838	0.276906956214962	0.19853028741888
17	0.237710960082404	0.288084136581187	0.270272536131953	0.203932367204456
18	0.212735077083652	0.306071262010164	0.291165653798834	0.190028007107351
19	0.218821832450348	0.287203364715187	0.290539340829946	0.203435462004519
20	0.216763608314374	0.311208944393604	0.282257657312249	0.189769789979773
21	0.222045567583419	0.308625323525682	0.262029973153558	0.207299135737341
22	0.210457288820858	0.316433789638581	0.263913308844354	0.209195612696206
23	0.232774679174228	0.301414698743915	0.260753021797254	0.205057600284602
24	0.214443753681593	0.300431663453691	0.286756131603298	0.198368451261418
25	0.229406942758852	0.289889553296798	0.277894308754614	0.202809195189736
26	0.224393244321322	0.296743192167638	0.277612680373895	0.201250883137145
27	0.227296384172414	0.305647469763662	0.274162654958133	0.192893491105791
28	0.239154586437607	0.318376119341014	0.261845296135957	0.180623998085422
29	0.218654867698683	0.30506015821401	0.274860804304157	0.20142416978315
30	0.228894261268187	0.310801423003276	0.272805204790419	0.187499110938119
31	0.221148338618738	0.311664766082163	0.28690862067147	0.180278274627628
32	0.223404451524112	0.313966957722945	0.278488812793744	0.1841397779592
33	0.203980221342272	0.303105508123148	0.285356447059235	0.207557823475345
34	0.2308109422358	0.307230958646633	0.274585500858725	0.187372598258842
35	0.214372191754726	0.293115330403941	0.296835799755775	0.195676678085559
36	0.216447766795435	0.293737714726389	0.299380812535196	0.190433705942979
37	0.210951139857663	0.29377503387637	0.301969641084913	0.193304185181055
38	0.204582031080758	0.322242463280516	0.275613829532509	0.197561676106217
39	0.211874275030532	0.312801125620238	0.271013634033186	0.204310965316045
40	0.217023181646235	0.295923463587263	0.271182715534757	0.215870639231746
41	0.222981417154865	0.292482564919358	0.274797178232282	0.209738839693496
42	0.224703796828366	0.295735752216303	0.27489604963297	0.204664401322361
43	0.213259617309253	0.309071925938914	0.293960440505858	0.183708016245974
44	0.215334050960758	0.308660687203701	0.291304686697667	0.184700575137875
45	0.226212012600304	0.291791048114131	0.290382071351112	0.191614867934452
46	0.214331180027324	0.297819220008056	0.292015564673557	0.195834035291063
47	0.219010681216218	0.295715271676916	0.311846099005972	0.173427948100895
48	0.223557125523436	0.290449602084826	0.297779757146857	0.188213515244881
49	0.2178203970241	0.288582508776534	0.292666028777113	0.200931065422252
50	0.235043693367508	0.284392131946171	0.278687031754871	0.201877142931449
51	0.202335147339527	0.319576026636226	0.283788938576154	0.194299887448092
52	0.226371056249387	0.290982996524144	0.275478513650646	0.207167433575823
53	0.217325697579292	0.308873249263608	0.272992800248907	0.200808252908193
54	0.215889674563149	0.317432899550727	0.274178153568749	0.192499272317376
55	0.215643436382517	0.302329196840072	0.301414128082585	0.180613238694826
56	0.216747851147901	0.303583267473989	0.298447266511764	0.181221614866346
57	0.226424072157889	0.288921215379142	0.275999087626274	0.208655624836696
58	0.215277670688077	0.292835008384272	0.284656083499688	0.207231237427964
59	0.212501085076013	0.307093001395071	0.286323729141217	0.194082184387699
60	0.221934199297353	0.309371315967909	0.278608351640516	0.190086133094222
61	0.217549850950554	0.295762976905147	0.281045755954126	0.205641416190174
62	0.217421310891433	0.305428313024596	0.280339884312781	0.196810491771191
63	0.216044182905964	0.302591110852117	0.288197628502251	0.193167077739668
64	0.201908418775182	0.310437251394705	0.296509663081058	0.191144666749054
65	0.219568543991464	0.305646475121348	0.278724674279714	0.196060306607473
66	0.224710746517888	0.296114545297858	0.292868443028064	0.186306265156191
67	0.223087452417342	0.30935703366138	0.280008136103073	0.187547377818204
68	0.217386052415908	0.291048983463088	0.299072053255262	0.192492910865743
69	0.207279646690249	0.298348165712727	0.293720466995997	0.200651720601027
70	0.212306501012181	0.312311220959234	0.276513736912132	0.198868541116452
71	0.217890460048776	0.297963638987496	0.276146454267624	0.207999446696104
72	0.209204130232423	0.288356734670746	0.299732489601788	0.202706645495043
73	0.225974931981042	0.300372910226385	0.292876719291451	0.180775438501122
74	0.219778121285798	0.281771128134193	0.312769659231023	0.185681091348985
75	0.222627086106777	0.275458050193882	0.312143817738396	0.189771045960945
76	0.224231133401539	0.295587604875741	0.294413220641489	0.185768041081231
77	0.21912637944635	0.291614739715315	0.308077522530478	0.181181358307858
78	0.23201903353699	0.276689679116227	0.314650803109476	0.176640484237307
79	0.218938521602401	0.29681114469529	0.314657751784171	0.169592581918138
80	0.20915217574274	0.301766620270076	0.310059377348728	0.179021826638457
81	0.224573267655793	0.287543845891786	0.312482495772055	0.175400390680366
82	0.205207761103995	0.297237391104456	0.316922003678547	0.180632844113002
83	0.214479147801018	0.288950050657699	0.302544462068502	0.194026339472781
84	0.218963804629897	0.279932801751395	0.311427069567892	0.189676324050816
85	0.212269023032857	0.310014097569142	0.290940723975987	0.186776155422014
86	0.212232146571096	0.297564788086226	0.290383252348623	0.199819812994055
87	0.194217938045036	0.296809500391989	0.289096346275364	0.219876215287611
88	0.212699562278332	0.294962447349216	0.300246312091156	0.192091678281297
89	0.220464360204316	0.27890781297179	0.31570651966298	0.184921307160915
90	0.221444673596043	0.300748463654657	0.298274811394704	0.179532051354597
91	0.245718959136713	0.286712133220602	0.292116650115661	0.175452257527025
92	0.268188329586529	0.276783061117445	0.293541959088812	0.161486650207214
93	0.25897285830331	0.315502709624002	0.280638473182435	0.144885958890253
94	0.236027199507623	0.376109280518367	0.26468126357553	0.12318225639848
95	0.237977767021004	0.333820500433302	0.325187993912413	0.103013738633281
96	0.220728803841973	0.288273648505256	0.420775784052121	0.0702217636006502
97	0.288572801761564	0.313270881392156	0.342162011241693	0.0559943056045873
98	0.361532248160612	0.255006048803811	0.332918121836326	0.0505435811992506
99	0.329570776725612	0.263852615395594	0.372522276577711	0.0340543313010834
100	0.335876404820353	0.203047259479429	0.389081737003597	0.0719945986966219
101	0.288626108193689	0.213500731853704	0.407153528264718	0.090719631687889
102	0.370364272792246	0.10818393964455	0.42488836110776	0.0965634264554444
103	0.34986599960327	0.108304000807332	0.409929927256301	0.131900072333097
104	0.319413149789053	0.135169724492386	0.38534105591938	0.160076069799181
105	0.366012446904074	0.138098735063012	0.280619631319824	0.21526918671309
106	0.279460878884769	0.193106399769685	0.347224413769677	0.180208307575869
107	0.219580240603609	0.218731200213127	0.363760691463743	0.197927867719521
108	0.241115075785691	0.240929073329896	0.298997636714848	0.218958214169565
109	0.225706532566043	0.242490539752807	0.314515710992024	0.217287216689127
110	0.219640640980334	0.265637049508859	0.336360324499082	0.178361985011725
111	0.229544878620452	0.230136467071117	0.357589518844489	0.182729135463942
112	0.219802228458965	0.296569846423994	0.288544508782402	0.195083416334639
113	0.206872592671134	0.254448016357294	0.328792710627903	0.209886680343669
114	0.192954259005794	0.307175163748417	0.289194745783173	0.210675831462617
115	0.228289862244211	0.259298969596047	0.334134615762194	0.178276552397548
116	0.216910938635778	0.299162765104495	0.324379147611471	0.159547148648256
117	0.219848752582133	0.276645077401518	0.295710602435289	0.20779556758106
118	0.215134434031662	0.275502509607293	0.30253765009383	0.206825406267215
119	0.212470457782609	0.272913632555487	0.305163577609712	0.209452332052192
120	0.211737312512642	0.287433392423482	0.291651997476297	0.209177297587579
121	0.203696586545086	0.298502620679863	0.302051434446058	0.195749358328993
122	0.197529473485046	0.268577737188004	0.327953843551325	0.205938945775624
123	0.20646098702564	0.274382263183847	0.311065607600776	0.208091142189737
124	0.207509608016393	0.264163157536293	0.322766628208969	0.205560606238345
125	0.211400801695707	0.279550358535498	0.311604539893408	0.197444299875387
126	0.208548987604169	0.292184706528885	0.30718407411525	0.192082231751696
127	0.201942905980531	0.298581794331072	0.301782186031193	0.197693113657203
128	0.198922912617152	0.280090141392133	0.31283277314051	0.208154172850205
129	0.214331368705401	0.289817915821864	0.296473483193336	0.199377232279398
130	0.214024484989969	0.284944121723275	0.298194761728083	0.202836631558673
131	0.211536813702364	0.304809466553408	0.293455104598283	0.190198615145945
132	0.202983513287105	0.289250018374171	0.303873286816237	0.203893181522487
133	0.22164936611345	0.286560214842249	0.292578430776535	0.199211988267766
134	0.209260786245534	0.281880838011226	0.319034297837934	0.189824077905306
135	0.19882433659543	0.281131255515138	0.322179362161668	0.197865045727763
136	0.220606706492422	0.279817503657233	0.30189357825579	0.197682211594556
137	0.21889454008585	0.290222316878353	0.298114298471727	0.192768844564071
138	0.215639838770098	0.26933711487906	0.30516303316682	0.209860013184022
139	0.227071007991077	0.270446222927647	0.313969373594776	0.188513395486501
140	0.225607457665863	0.28327511047623	0.291237544350017	0.19987988750789
141	0.224891506660913	0.279427228514205	0.296369243171068	0.199312021653815
142	0.227421272495274	0.269838641081497	0.312997344917863	0.189742741505366
143	0.214826087106751	0.288988428212784	0.302957669081985	0.19322781559848
144	0.210008041496072	0.286427393568478	0.312443221876528	0.191121343058922
145	0.196756955014371	0.300699293744892	0.316271610166015	0.186272141074722
146	0.214432041463832	0.291012541648918	0.298879387742688	0.195676029144562
147	0.202003939269612	0.285991139590135	0.320318272846929	0.191686648293323
148	0.214272284442945	0.276619230729394	0.323614601288227	0.185493883539433
149	0.217275248571622	0.302133722929433	0.290108189552064	0.190482838946881
150	0.209640142681259	0.273803954763614	0.320342234498595	0.196213668056532
151	0.204528605305817	0.310627606481273	0.29886880446856	0.185974983744351
152	0.200780067673638	0.288314413159967	0.301810829662798	0.209094689503598
153	0.198807668919632	0.279520877928432	0.319365436290705	0.202306016861231
154	0.197405649648013	0.277244872989432	0.309402552659115	0.21594692470344
155	0.204590244699013	0.278407292613211	0.307503781518752	0.209498681169024
156	0.193603065266435	0.290339929440227	0.3100270464313	0.206029958862038
157	0.209422738038766	0.289246206986239	0.309186209388786	0.192144845586209
158	0.19095680673841	0.282556447226194	0.315194455445307	0.211292290590089
159	0.202137400476354	0.266669891033018	0.317825118306027	0.213367590184601
160	0.200493042442735	0.275928365383389	0.33519526166149	0.188383330512386
161	0.200816117222442	0.284811707231544	0.312030628594626	0.202341546951388
162	0.180742653938889	0.291744205066018	0.311414014988068	0.216099126007025
163	0.209857275737776	0.289488836394354	0.285913952716854	0.214739935151016
164	0.195950135999699	0.288989884293487	0.329995847049365	0.185064132657448
165	0.199736673720735	0.276902458758558	0.317392503282229	0.205968364238478
166	0.200473896110952	0.293005111458075	0.298449449917809	0.208071542513164
167	0.20194895061357	0.28723314052162	0.292065097420534	0.218752811444275
168	0.184777339033491	0.2843548052063	0.329936361858342	0.200931493901867
169	0.212869449363343	0.271635280508129	0.305114599425693	0.210380670702835
170	0.188914563198325	0.291714195968025	0.310032788947811	0.209338451885839
171	0.201977804829561	0.286444469766107	0.297552588845572	0.21402513655876
172	0.178069536763356	0.281487923314366	0.327753046572899	0.21268949334938
173	0.216229397392492	0.280126397982004	0.299731852613629	0.203912352011876
174	0.194131855655374	0.295564257503729	0.309623086872037	0.20068079996886
175	0.195308445752695	0.290543438394821	0.305716036840001	0.208432079012484
176	0.186987386203157	0.298359406210851	0.314477022223078	0.200176185362914
177	0.19038040912627	0.301331622821752	0.310282355200773	0.198005612851205
178	0.188430430696678	0.299255547186107	0.292623838686841	0.219690183430374
179	0.205604249884811	0.28375875665392	0.312218676129296	0.198418317331973
180	0.201284938249154	0.295761614364139	0.299596516761324	0.203356930625384
181	0.207298130211399	0.294681460185088	0.288650493174328	0.209369916429186
182	0.185235341242979	0.279755450747974	0.329402442143732	0.205606765865314
183	0.204598938547758	0.276973381055515	0.294276962135958	0.224150718260769
184	0.192220419698202	0.271409474577488	0.306754365579972	0.229615740144337
185	0.203524871657204	0.286230917995739	0.30590560723501	0.204338603112048
186	0.186867866573957	0.27963121360156	0.304051212296479	0.229449707528005
187	0.19727083993872	0.284400319508726	0.309529600283484	0.20879924026907
188	0.190620810368313	0.274062806844307	0.320947310836268	0.214369071951112
189	0.218298220258784	0.266452525047217	0.305494632058619	0.20975462263538
190	0.205411512291036	0.290034454276098	0.296058416777933	0.208495616654933
191	0.199756290804374	0.290884989551649	0.31451266423601	0.194846055407966
192	0.188957936247361	0.287467762835551	0.314384931219743	0.209189369697344
193	0.202356254642659	0.2777393777887	0.313219854403859	0.206684513164782
194	0.202298238208898	0.281194362655379	0.303649908061751	0.212857491073972
195	0.203746220179928	0.278520038352501	0.303715779816266	0.214017961651305
196	0.191705302320225	0.294467389259884	0.29078008228605	0.223047226133842
197	0.188912739419072	0.281639149020437	0.318501274914079	0.210946836646412
198	0.193225414751997	0.288224175046228	0.304624139058517	0.213926271143258
199	0.19860315671347	0.28257821597581	0.295005026815847	0.223813600494873
200	0.208388553393167	0.263167019499162	0.298342359694809	0.230102067412863
201	0.192047681033712	0.288611932571216	0.305801779340816	0.213538607054256
